mba_muid=16448445305201694101722.1522.1644895960850
mba_sid=1522.38
__jda=122270672.16448445305201694101722.1644844530.1644856682.1644895959.5
__jdb=122270672.1.16448445305201694101722|5.1644895959
__jdv=122270672%7Ckong%7Ct_1000077576_%7Ctuiguang%7C5fd35ed82ac9447d9d00d483cd0fa83e%7C1644469429000
unpl=JF8EAJhnNSttXBwBBx9WThsTGw9cW1gOHh9WbmZQUVRaGQEETFISEER7XlVdXhRKFB9vZhRUX1NKVg4eCisiEEpcVV9bDk8RBF9XNVddaEpkBRwHGRsZT19UWFgOShECaGQAVltRe2QCGwsrIiBKbVVuWA9OEwBtZAZUbRMlVUgbBR4QGUJZVl5bDU0WBW5gBlFfXkJkBxsCGRQgSA%7CJF8EANRnNSttCE5TUBIASBpEQw1dW1VbHB8LbG9WUlxeT1dXEgNJEEB7XlVdXhRKFx9sZRRUVVNKUw4ZCysSFHtdVV9dDE4UAm5vNWRYWyVXBx0HGBoYS1w6XTM4SBczblcCXV5eSF1WHldLEEVJCF0MWg0eF1E7M1dQXA0fU1cdB0hBER9bUgwOOHseAl9hBVBfXkhQBBMKGCIgSm1Vblw4CnkDbmIFXFVfSBkCEgEdERkYWAEOX11JQgo9YAABXQofAFcfA05GFxlbUQ0OCR8RBT00NVVtWA
pt_key=app_openAAJiClXGADAybE_sVyOEcD07vYsaeKHGtVY8lvMKw0dTVzEyqeZE1NvJu2HTN3N51LKkLJrSl04
pt_pin=xiacx0087
pwdt_id=xiacx0087
sid=342999a5e3534bd2103bdbf477a9debw
